5 1.058081e+00
10 2.318486e+00
15 2.336536e+00
20 2.340998e+00
25 2.330647e+00
30 2.333099e+00
35 2.365667e+00
40 2.342811e+00
45 2.348241e+00
50 1.135261e+00
55 1.111142e+00
60 1.106583e+00
65 1.090648e+00
70 1.095537e+00
75 1.109152e+00
80 1.084827e+00
85 1.083492e+00
90 1.082883e+00
95 1.140670e+00
100 1.079651e+00
105 1.075755e+00
110 1.084875e+00
115 1.080966e+00
120 1.116215e+00
125 1.090056e+00
130 1.121366e+00
135 1.101408e+00
140 1.082294e+00
145 1.072943e+00
150 1.070531e+00
155 1.096771e+00
160 1.091686e+00
165 1.061814e+00
170 1.066087e+00
175 1.063169e+00
180 1.068638e+00
185 1.078102e+00
190 1.060048e+00
195 1.056709e+00
200 1.063224e+00
