5 2.906087e+00
10 4.462715e+00
15 3.403590e+00
20 2.899952e+00
25 2.505258e+00
30 2.163215e+00
35 1.983217e+00
40 1.888561e+00
45 1.714505e+00
50 1.105600e+00
55 8.841935e-01
60 8.505334e-01
65 7.762764e-01
70 7.500479e-01
75 7.395253e-01
80 7.336628e-01
85 6.991339e-01
90 6.753374e-01
95 6.777718e-01
100 6.880950e-01
105 6.085844e-01
110 6.085150e-01
115 6.012822e-01
120 5.843207e-01
125 5.949920e-01
130 5.666784e-01
135 5.676367e-01
140 5.493270e-01
145 5.599855e-01
150 5.582712e-01
155 5.385399e-01
160 5.398212e-01
165 5.132284e-01
170 5.125869e-01
175 4.909985e-01
180 4.910239e-01
185 4.820585e-01
190 4.910222e-01
195 4.505781e-01
200 4.460791e-01
