5 1.358459e+01
10 1.039804e+01
15 8.660003e+00
20 7.649320e+00
25 6.691413e+00
30 6.538248e+00
35 5.991946e+00
40 5.560842e+00
45 5.184773e+00
50 5.415037e+00
55 5.071347e+00
60 4.634622e+00
65 4.331652e+00
70 4.457386e+00
75 4.265737e+00
80 4.061329e+00
85 3.892535e+00
90 3.760549e+00
95 3.831887e+00
100 3.520990e+00
105 3.478488e+00
110 3.242840e+00
115 3.107746e+00
120 3.131175e+00
125 2.956902e+00
130 2.850276e+00
135 2.772772e+00
140 2.967590e+00
145 2.718758e+00
150 2.544481e+00
155 2.687690e+00
160 2.665877e+00
165 2.410654e+00
170 2.302762e+00
175 2.315056e+00
180 2.410496e+00
185 2.187564e+00
190 2.217601e+00
195 2.097857e+00
200 1.966623e+00
205 1.963132e+00
210 1.931339e+00
215 1.939624e+00
220 1.848793e+00
225 1.805590e+00
230 1.770425e+00
235 1.749485e+00
240 1.747369e+00
245 1.734118e+00
250 1.696464e+00
255 1.629849e+00
260 1.608869e+00
265 1.698625e+00
270 1.636497e+00
275 1.641287e+00
280 1.608845e+00
285 1.602074e+00
290 1.586323e+00
295 1.554568e+00
300 1.582035e+00
