5 3.031187e+00
10 3.144388e+00
15 3.258729e+00
20 3.334917e+00
25 3.171921e+00
30 3.253586e+00
35 3.210942e+00
40 3.124958e+00
45 3.280254e+00
50 3.208707e+00
55 3.086175e+00
60 3.104676e+00
65 3.147850e+00
70 3.137996e+00
75 3.110788e+00
80 3.103173e+00
85 3.110340e+00
90 3.182235e+00
95 3.142243e+00
100 3.096199e+00
105 3.135986e+00
110 3.103925e+00
115 3.126858e+00
120 3.111356e+00
125 3.118384e+00
130 3.092015e+00
135 3.204712e+00
140 3.123825e+00
145 3.174258e+00
150 3.171277e+00
155 3.152006e+00
160 3.147064e+00
165 3.128798e+00
170 3.108635e+00
175 3.136286e+00
180 3.176103e+00
185 3.186679e+00
190 3.124261e+00
195 3.110487e+00
200 3.051813e+00
205 3.122276e+00
210 3.100767e+00
215 3.071264e+00
220 3.075905e+00
225 3.076458e+00
230 3.082081e+00
235 3.062501e+00
240 3.172485e+00
245 3.055565e+00
250 3.048682e+00
255 3.063191e+00
260 3.091232e+00
265 3.142290e+00
270 3.128774e+00
275 3.143606e+00
280 3.150393e+00
285 3.134134e+00
290 3.123582e+00
295 3.163980e+00
300 3.119134e+00
