5 2.057204e+00
10 1.143432e+00
15 1.136745e+00
20 1.122928e+00
25 1.144500e+00
30 1.108676e+00
35 2.239036e+00
40 2.241181e+00
45 2.268293e+00
50 2.298924e+00
55 1.130680e+00
60 1.098126e+00
65 1.101045e+00
70 1.095847e+00
75 1.101062e+00
80 1.112982e+00
85 1.119924e+00
90 1.107970e+00
95 1.122137e+00
100 1.094864e+00
105 1.106878e+00
110 1.116236e+00
115 1.118432e+00
120 1.106662e+00
125 1.088177e+00
130 1.086315e+00
135 1.086334e+00
140 1.112330e+00
145 1.165117e+00
150 1.079202e+00
155 1.079610e+00
160 1.082533e+00
165 1.077723e+00
170 1.080587e+00
175 1.089585e+00
180 1.093429e+00
185 1.096506e+00
190 1.092268e+00
195 1.084523e+00
200 1.088444e+00
