5 2.937240e+00
10 3.036207e+00
15 1.780015e+00
20 1.512306e+00
25 1.373942e+00
30 1.189066e+00
35 1.157807e+00
40 1.747647e+00
45 1.599774e+00
50 1.615816e+00
55 1.210728e+00
60 8.820003e-01
65 7.935672e-01
70 7.671257e-01
75 7.509339e-01
80 7.612541e-01
85 7.566245e-01
90 7.055002e-01
95 7.184210e-01
100 6.901930e-01
105 6.163237e-01
110 6.552406e-01
115 6.544492e-01
120 6.306358e-01
125 5.843645e-01
130 5.839417e-01
135 5.727392e-01
140 5.838459e-01
145 6.400912e-01
150 5.659308e-01
155 5.291834e-01
160 5.393621e-01
165 5.195791e-01
170 5.213797e-01
175 5.298815e-01
180 5.271233e-01
185 5.343111e-01
190 5.095647e-01
195 4.989216e-01
200 4.868376e-01
