5 9.781000e-04
10 6.844000e-04
15 1.417200e-03
20 2.987200e-03
25 5.153400e-03
30 8.200300e-03
35 1.204220e-02
40 1.676010e-02
45 2.272030e-02
50 2.966450e-02
55 3.736020e-02
60 4.903660e-02
65 5.664580e-02
70 6.831880e-02
75 8.128730e-02
80 9.631300e-02
85 1.128284e-01
90 1.297416e-01
95 1.489860e-01
100 1.703222e-01
105 1.927456e-01
110 2.160878e-01
115 2.427277e-01
120 2.699610e-01
125 3.000629e-01
130 3.323703e-01
135 3.659286e-01
140 4.012120e-01
145 4.406829e-01
150 4.931054e-01
155 5.248507e-01
160 5.735734e-01
170 6.783931e-01
180 7.898107e-01
190 8.970621e-01
200 1.043725e+00
210 1.179291e+00
220 1.345759e+00
230 1.497506e+00
240 1.661628e+00
250 1.874213e+00
260 2.062020e+00
270 2.310924e+00
280 2.521350e+00
290 2.775975e+00
300 3.021497e+00
310 3.323581e+00
320 3.591615e+00
330 4.026692e+00
340 4.235145e+00
350 4.578016e+00
360 4.972325e+00
380 5.762693e+00
400 6.569445e+00
420 7.593477e+00
440 8.563642e+00
460 9.722897e+00
480 1.080601e+01
500 1.211530e+01
520 1.348332e+01
540 1.527549e+01
560 1.690998e+01
580 1.845907e+01
600 1.997513e+01
620 2.187491e+01
640 2.387611e+01
660 2.604905e+01
680 2.829913e+01
700 3.066037e+01
