5 5.346960e-06
10 3.470881e-07
15 1.926437e-07
20 1.454820e-07
25 1.217498e-07
30 1.082821e-07
35 9.300521e-08
40 8.460691e-08
45 7.334884e-08
50 6.849980e-08
55 6.667971e-08
60 5.968452e-08
65 5.602948e-08
70 5.442785e-08
75 4.991039e-08
80 4.765052e-08
85 4.794338e-08
90 4.324228e-08
95 4.442359e-08
100 4.050443e-08
105 4.169721e-08
110 3.788308e-08
115 3.711845e-08
120 3.588830e-08
125 3.485635e-08
130 3.425623e-08
135 3.358608e-08
145 3.186853e-08
155 3.065849e-08
165 2.973477e-08
175 2.872392e-08
185 2.788752e-08
195 2.685004e-08
205 2.634421e-08
215 2.595714e-08
225 2.514512e-08
235 2.478017e-08
245 2.438058e-08
255 2.410323e-08
265 2.319793e-08
275 2.272600e-08
285 2.247567e-08
295 2.187882e-08
305 2.158651e-08
315 2.135261e-08
325 2.094114e-08
335 2.062191e-08
355 2.040619e-08
375 1.973886e-08
395 1.936725e-08
415 1.908010e-08
435 1.862570e-08
455 1.839023e-08
475 1.803168e-08
495 1.786626e-08
515 1.754496e-08
535 1.728367e-08
555 1.682915e-08
575 1.657914e-08
