5 1.103360e-06
10 7.784000e-08
15 6.024691e-08
20 5.313125e-08
25 5.195904e-08
30 5.082765e-08
35 5.248500e-08
40 4.665348e-08
45 5.080777e-08
50 4.773917e-08
55 4.932999e-08
60 4.773515e-08
65 4.713785e-08
70 4.794177e-08
75 4.663252e-08
80 4.641584e-08
85 4.502582e-08
90 4.622728e-08
95 4.528582e-08
100 4.639874e-08
105 4.602443e-08
110 4.429667e-08
115 4.529938e-08
120 4.676754e-08
125 4.701196e-08
130 4.687168e-08
135 4.487934e-08
140 4.670528e-08
145 4.637571e-08
150 4.624672e-08
155 4.533659e-08
160 4.585010e-08
