5 6.896000e-04
10 7.784000e-04
15 3.050000e-03
20 8.501000e-03
25 2.029650e-02
30 4.117040e-02
35 7.876030e-02
40 1.194329e-01
45 2.083436e-01
50 2.983698e-01
55 4.514002e-01
60 6.186476e-01
65 8.414401e-01
70 1.151082e+00
75 1.475482e+00
80 1.901193e+00
85 2.350376e+00
90 3.032972e+00
95 3.688558e+00
100 4.639874e+00
105 5.594298e+00
110 6.485475e+00
115 7.922889e+00
120 9.697718e+00
125 1.147753e+01
130 1.338702e+01
135 1.490670e+01
140 1.794230e+01
145 2.050041e+01
150 2.341240e+01
155 2.616831e+01
160 3.004832e+01
