5 7.050000e-04
10 3.489000e-04
15 8.268000e-04
20 1.441300e-03
25 2.330600e-03
30 3.849000e-03
35 5.098800e-03
40 6.801000e-03
45 8.829400e-03
50 1.119940e-02
55 1.485120e-02
60 1.766690e-02
65 2.046500e-02
70 2.534140e-02
75 2.932070e-02
80 3.402090e-02
85 3.904840e-02
90 4.452420e-02
95 5.265830e-02
100 6.137770e-02
105 6.490520e-02
110 7.287900e-02
115 8.287500e-02
120 9.079560e-02
125 1.016533e-01
130 1.222762e-01
135 1.240872e-01
145 1.503172e-01
155 1.823017e-01
165 2.211912e-01
175 2.672932e-01
185 3.214010e-01
195 3.865688e-01
205 4.497245e-01
215 5.407759e-01
225 6.301700e-01
235 7.747842e-01
245 8.888122e-01
255 1.017479e+00
265 1.175216e+00
275 1.345273e+00
285 1.502433e+00
295 1.692375e+00
305 1.839539e+00
315 2.078578e+00
325 2.342275e+00
335 2.625910e+00
355 3.160596e+00
375 3.719029e+00
395 4.404616e+00
415 5.114090e+00
435 5.963962e+00
455 6.479287e+00
475 7.729117e+00
495 8.158413e+00
515 8.872844e+00
535 9.789007e+00
555 1.120572e+01
575 1.251692e+01
595 1.381675e+01
615 1.560642e+01
635 1.702478e+01
655 1.873431e+01
675 2.103119e+01
