5 2.022154e-06
10 1.411500e-07
15 8.863300e-08
20 8.065000e-08
25 6.554868e-08
30 6.214815e-08
35 5.476656e-08
40 5.306875e-08
45 4.722952e-08
50 4.671000e-08
55 4.305653e-08
60 4.359329e-08
65 3.968252e-08
70 3.845539e-08
75 3.721563e-08
80 3.728291e-08
85 3.583391e-08
90 3.540960e-08
95 3.435862e-08
100 3.388450e-08
105 3.318105e-08
110 3.254001e-08
115 3.215013e-08
120 3.156881e-08
125 3.114612e-08
130 3.123566e-08
135 3.070071e-08
140 3.047041e-08
145 3.086048e-08
150 3.130290e-08
155 3.060825e-08
160 3.129044e-08
170 3.155291e-08
180 3.154847e-08
190 3.106603e-08
200 3.139683e-08
210 3.261344e-08
220 3.461365e-08
230 3.425563e-08
240 3.528277e-08
250 3.726768e-08
260 3.870747e-08
270 3.838668e-08
280 3.986202e-08
290 4.177527e-08
300 4.194393e-08
310 4.229229e-08
320 4.348862e-08
330 4.529126e-08
340 4.619046e-08
350 4.717420e-08
360 4.921167e-08
380 4.950810e-08
400 5.058270e-08
420 5.040231e-08
440 5.190252e-08
460 5.095126e-08
480 5.183996e-08
500 5.180412e-08
520 5.173671e-08
540 5.235273e-08
560 5.307663e-08
580 5.191339e-08
600 5.105194e-08
620 4.923786e-08
640 4.826223e-08
660 4.944825e-08
680 4.980950e-08
