5 4.971177e-06
10 3.397051e-07
15 1.862321e-07
20 1.480940e-07
25 1.263149e-07
30 1.366131e-07
35 9.798699e-08
40 1.161828e-07
45 7.628067e-08
50 7.000572e-08
55 6.586033e-08
60 6.279405e-08
65 5.908638e-08
70 5.477281e-08
75 5.321069e-08
80 5.237307e-08
85 4.888425e-08
90 4.605834e-08
95 4.528007e-08
100 4.269642e-08
105 4.524478e-08
110 4.222245e-08
115 4.162895e-08
120 3.799118e-08
125 3.617778e-08
130 3.720853e-08
135 3.525261e-08
140 3.360712e-08
145 3.423027e-08
150 3.546504e-08
155 3.268977e-08
165 3.198943e-08
175 3.100740e-08
185 3.054959e-08
195 2.801528e-08
205 2.835398e-08
215 2.734611e-08
225 2.669984e-08
235 2.619650e-08
245 2.494792e-08
255 2.458326e-08
265 2.462047e-08
275 2.348361e-08
285 2.357832e-08
295 2.279087e-08
305 2.201621e-08
315 2.187190e-08
325 2.149272e-08
335 2.147682e-08
345 2.116116e-08
355 2.105435e-08
375 2.051564e-08
395 1.986748e-08
415 1.953775e-08
435 2.010540e-08
455 1.958067e-08
475 1.851510e-08
495 1.856801e-08
515 1.889783e-08
535 1.751354e-08
555 1.709784e-08
575 1.652678e-08
595 1.634050e-08
615 1.983005e-08
635 1.603881e-08
655 1.572353e-08
675 1.559648e-08
