5 1.154240e-06
10 9.342000e-08
15 7.216790e-08
20 6.109687e-08
25 6.329830e-08
30 5.959444e-08
35 6.484471e-08
40 7.221516e-08
45 6.295592e-08
50 5.804869e-08
55 6.048804e-08
60 5.636929e-08
65 5.745199e-08
70 5.884215e-08
75 5.678251e-08
80 5.627988e-08
85 5.476436e-08
90 5.630390e-08
95 5.501012e-08
100 5.574845e-08
105 5.808205e-08
110 5.936769e-08
115 5.714061e-08
120 5.647835e-08
125 5.784535e-08
130 5.574217e-08
135 5.393168e-08
140 5.500318e-08
145 5.579743e-08
150 5.609152e-08
155 5.586513e-08
