5 3.268594e+00
10 2.380377e+00
15 1.803931e+00
20 1.556803e+00
25 1.358640e+00
30 1.200379e+00
35 1.098036e+00
40 1.016289e+00
45 9.525881e-01
50 9.227094e-01
55 8.701232e-01
60 8.109121e-01
65 7.872879e-01
70 7.509477e-01
75 7.377850e-01
80 7.321680e-01
85 7.127321e-01
90 6.833370e-01
95 6.787743e-01
100 6.486076e-01
105 6.279444e-01
110 6.277177e-01
115 6.188210e-01
120 6.043137e-01
125 5.971911e-01
130 5.852771e-01
135 6.038907e-01
140 5.732481e-01
145 5.591573e-01
150 5.537126e-01
155 5.487339e-01
160 5.350762e-01
165 5.241841e-01
170 5.568113e-01
175 5.171053e-01
180 5.093163e-01
185 5.011886e-01
190 4.860280e-01
195 4.678931e-01
200 4.579877e-01
