10 3.090000e-02
20 1.305000e-01
30 3.029000e-01
40 5.170000e-01
50 8.672000e-01
60 1.165300e+00
70 1.553400e+00
80 2.105200e+00
90 2.665600e+00
100 3.418600e+00
110 3.988800e+00
120 4.771900e+00
130 5.415700e+00
140 6.562800e+00
150 7.472800e+00
160 8.127800e+00
170 9.250800e+00
180 1.065590e+01
190 1.161600e+01
200 1.289830e+01
210 1.401360e+01
220 1.570990e+01
230 1.671450e+01
240 1.847100e+01
250 1.990910e+01
260 2.221060e+01
270 2.316110e+01
280 2.522650e+01
290 2.688940e+01
300 2.887720e+01
310 3.047610e+01
320 3.291180e+01
330 3.568440e+01
340 3.553860e+01
350 3.962750e+01
360 4.204830e+01
370 4.410490e+01
380 4.626020e+01
390 4.878080e+01
400 5.207580e+01
410 5.299780e+01
420 5.625050e+01
430 5.893840e+01
440 6.182140e+01
450 6.570850e+01
460 6.808010e+01
470 7.189740e+01
480 7.528960e+01
490 7.811560e+01
500 8.103000e+01
510 8.177270e+01
520 8.718270e+01
530 9.040910e+01
540 9.271630e+01
550 9.785540e+01
560 1.004140e+02
570 1.054260e+02
580 1.084122e+02
590 1.109737e+02
600 1.162664e+02
610 1.191938e+02
620 1.224791e+02
630 1.262305e+02
640 1.336588e+02
650 1.357348e+02
660 1.417122e+02
670 1.440859e+02
680 1.452990e+02
690 1.523039e+02
700 1.578066e+02
710 1.595581e+02
720 1.696535e+02
730 1.675967e+02
740 1.771577e+02
750 1.794068e+02
760 1.837228e+02
770 1.905857e+02
780 1.983376e+02
790 2.015910e+02
800 2.065282e+02
810 2.063793e+02
820 2.138928e+02
830 2.212767e+02
840 2.283160e+02
850 2.342274e+02
860 2.361140e+02
870 2.444672e+02
880 2.505465e+02
890 2.546801e+02
900 2.584842e+02
910 2.693291e+02
920 2.732796e+02
930 2.791203e+02
940 2.822115e+02
950 2.894085e+02
960 2.942271e+02
970 2.995785e+02
980 3.101920e+02
990 3.161317e+02
1000 3.201552e+02
