10 3.090000e+01
20 1.305000e+02
30 3.029000e+02
40 5.170000e+02
50 8.672000e+02
60 1.165300e+03
70 1.553400e+03
80 2.105200e+03
90 2.665600e+03
100 3.418600e+03
110 3.988800e+03
120 4.771900e+03
130 5.415700e+03
140 6.562800e+03
150 7.472800e+03
160 8.127800e+03
170 9.250800e+03
180 1.065590e+04
190 1.161600e+04
200 1.289830e+04
210 1.401360e+04
220 1.570990e+04
230 1.671450e+04
240 1.847100e+04
250 1.990910e+04
260 2.221060e+04
270 2.316110e+04
280 2.522650e+04
290 2.688940e+04
300 2.887720e+04
310 3.047610e+04
320 3.291180e+04
330 3.568440e+04
340 3.553860e+04
350 3.962750e+04
360 4.204830e+04
370 4.410490e+04
380 4.626020e+04
390 4.878080e+04
400 5.207580e+04
410 5.299780e+04
420 5.625050e+04
430 5.893840e+04
440 6.182140e+04
450 6.570850e+04
460 6.808010e+04
470 7.189740e+04
480 7.528960e+04
490 7.811560e+04
500 8.103000e+04
510 8.177270e+04
520 8.718270e+04
530 9.040910e+04
540 9.271630e+04
550 9.785540e+04
560 1.004140e+05
570 1.054260e+05
580 1.084122e+05
590 1.109737e+05
600 1.162664e+05
610 1.191938e+05
620 1.224791e+05
630 1.262305e+05
640 1.336588e+05
650 1.357348e+05
660 1.417122e+05
670 1.440859e+05
680 1.452990e+05
690 1.523039e+05
700 1.578066e+05
710 1.595581e+05
720 1.696535e+05
730 1.675967e+05
740 1.771577e+05
750 1.794068e+05
760 1.837228e+05
770 1.905857e+05
780 1.983376e+05
790 2.015910e+05
800 2.065282e+05
810 2.063793e+05
820 2.138928e+05
830 2.212767e+05
840 2.283160e+05
850 2.342274e+05
860 2.361140e+05
870 2.444672e+05
880 2.505465e+05
890 2.546801e+05
900 2.584842e+05
910 2.693291e+05
920 2.732796e+05
930 2.791203e+05
940 2.822115e+05
950 2.894085e+05
960 2.942271e+05
970 2.995785e+05
980 3.101920e+05
990 3.161317e+05
1000 3.201552e+05
