10 2.960000e+01
20 1.248000e+02
30 2.970000e+02
40 5.046000e+02
50 8.536000e+02
60 1.149400e+03
70 1.532200e+03
80 2.094000e+03
90 2.632800e+03
100 3.382000e+03
110 3.968600e+03
120 4.736200e+03
130 5.382800e+03
140 6.525400e+03
150 7.449000e+03
160 8.075200e+03
170 9.219000e+03
180 1.061820e+04
190 1.156700e+04
200 1.284980e+04
210 1.395780e+04
220 1.564840e+04
230 1.665520e+04
240 1.839800e+04
250 1.983600e+04
260 2.216760e+04
270 2.310100e+04
280 2.515980e+04
290 2.677460e+04
300 2.882470e+04
310 3.038220e+04
320 3.280140e+04
330 3.562660e+04
340 3.548040e+04
350 3.953000e+04
360 4.200880e+04
370 4.396920e+04
380 4.611380e+04
390 4.874420e+04
400 5.195240e+04
410 5.289520e+04
420 5.610640e+04
430 5.880680e+04
440 6.175140e+04
450 6.560020e+04
460 6.796220e+04
470 7.176640e+04
480 7.513360e+04
490 7.797500e+04
500 8.091480e+04
510 8.169340e+04
520 8.706240e+04
530 9.033460e+04
540 9.262940e+04
550 9.775100e+04
560 1.002894e+05
570 1.053222e+05
580 1.082150e+05
590 1.108936e+05
600 1.161519e+05
610 1.190260e+05
620 1.223052e+05
630 1.260810e+05
640 1.335250e+05
650 1.355320e+05
660 1.415346e+05
670 1.438662e+05
680 1.451646e+05
690 1.521470e+05
700 1.577134e+05
710 1.593436e+05
720 1.694174e+05
730 1.674282e+05
740 1.769494e+05
750 1.791430e+05
760 1.835478e+05
770 1.903712e+05
780 1.981758e+05
790 2.012856e+05
800 2.063582e+05
810 2.062568e+05
820 2.137140e+05
830 2.210340e+05
840 2.280720e+05
850 2.339670e+05
860 2.359526e+05
870 2.442770e+05
880 2.503274e+05
890 2.544014e+05
900 2.582338e+05
910 2.691680e+05
920 2.730958e+05
930 2.787234e+05
940 2.820000e+05
950 2.891752e+05
960 2.940338e+05
970 2.993282e+05
980 3.099374e+05
990 3.159864e+05
1000 3.199896e+05
