10 1.000000e+00
20 1.000000e+00
30 1.000000e+00
40 1.000000e+00
50 1.000000e+00
60 1.000000e+00
70 1.000000e+00
80 1.000000e+00
90 1.000000e+00
100 1.000414e+00
110 1.000000e+00
120 1.000000e+00
130 1.000000e+00
140 1.000000e+00
150 1.000403e+00
160 1.000545e+00
170 1.000000e+00
180 1.000000e+00
190 1.000000e+00
200 1.000000e+00
210 1.000086e+00
220 1.000000e+00
230 1.000000e+00
240 1.000000e+00
250 1.000182e+00
260 1.000000e+00
270 1.000000e+00
280 1.000048e+00
290 1.000000e+00
300 1.000000e+00
310 1.000257e+00
320 1.000396e+00
330 1.000000e+00
340 1.000203e+00
350 1.000000e+00
360 1.000000e+00
370 1.000000e+00
380 1.000000e+00
390 1.000000e+00
400 1.000000e+00
410 1.000015e+00
420 1.000000e+00
430 1.000000e+00
440 1.000000e+00
450 1.000000e+00
460 1.000397e+00
470 1.000000e+00
480 1.000288e+00
490 1.000000e+00
500 1.000000e+00
510 1.000000e+00
520 1.000000e+00
530 1.000027e+00
540 1.000000e+00
550 1.000033e+00
560 1.000152e+00
570 1.000000e+00
580 1.000078e+00
590 1.000000e+00
600 1.000000e+00
610 1.000000e+00
620 1.000047e+00
630 1.000000e+00
640 1.000000e+00
650 1.000016e+00
660 1.000000e+00
670 1.000145e+00
680 1.000011e+00
690 1.000003e+00
700 1.000000e+00
710 1.000000e+00
720 1.000000e+00
730 1.000000e+00
740 1.000000e+00
750 1.000000e+00
760 1.000001e+00
770 1.000198e+00
780 1.000000e+00
790 1.000000e+00
800 1.000000e+00
810 1.000000e+00
820 1.000000e+00
830 1.000000e+00
840 1.000000e+00
850 1.000000e+00
860 1.000000e+00
870 1.000000e+00
880 1.000000e+00
890 1.000000e+00
900 1.000000e+00
910 1.000000e+00
920 1.000089e+00
930 1.000062e+00
940 1.000000e+00
950 1.000000e+00
960 1.000000e+00
970 1.000112e+00
980 1.000000e+00
990 1.000000e+00
1000 1.000000e+00
