10 1.043919e+00
20 1.045673e+00
30 1.019865e+00
40 1.024574e+00
50 1.015933e+00
60 1.013833e+00
70 1.013836e+00
80 1.005349e+00
90 1.012458e+00
100 1.011241e+00
110 1.005090e+00
120 1.007538e+00
130 1.006112e+00
140 1.005731e+00
150 1.003599e+00
160 1.007062e+00
170 1.003449e+00
180 1.003551e+00
190 1.004236e+00
200 1.003774e+00
210 1.004084e+00
220 1.003930e+00
230 1.003560e+00
240 1.003968e+00
250 1.003867e+00
260 1.001940e+00
270 1.002602e+00
280 1.002699e+00
290 1.004288e+00
300 1.001821e+00
310 1.003348e+00
320 1.003764e+00
330 1.001622e+00
340 1.001844e+00
350 1.002466e+00
360 1.000940e+00
370 1.003086e+00
380 1.003175e+00
390 1.000751e+00
400 1.002375e+00
410 1.001955e+00
420 1.002568e+00
430 1.002238e+00
440 1.001134e+00
450 1.001651e+00
460 1.002133e+00
470 1.001825e+00
480 1.002364e+00
490 1.001803e+00
500 1.001424e+00
510 1.000971e+00
520 1.001382e+00
530 1.000851e+00
540 1.000938e+00
550 1.001101e+00
560 1.001394e+00
570 1.000986e+00
580 1.001900e+00
590 1.000722e+00
600 1.000986e+00
610 1.001410e+00
620 1.001469e+00
630 1.001186e+00
640 1.001002e+00
650 1.001513e+00
660 1.001255e+00
670 1.001672e+00
680 1.000937e+00
690 1.001034e+00
700 1.000591e+00
710 1.001346e+00
720 1.001394e+00
730 1.001006e+00
740 1.001177e+00
750 1.001473e+00
760 1.000955e+00
770 1.001325e+00
780 1.000816e+00
790 1.001517e+00
800 1.000824e+00
810 1.000594e+00
820 1.000837e+00
830 1.001098e+00
840 1.001070e+00
850 1.001113e+00
860 1.000684e+00
870 1.000779e+00
880 1.000875e+00
890 1.001096e+00
900 1.000970e+00
910 1.000599e+00
920 1.000762e+00
930 1.001486e+00
940 1.000750e+00
950 1.000807e+00
960 1.000657e+00
970 1.000949e+00
980 1.000821e+00
990 1.000460e+00
1000 1.000518e+00
