10 2.960000e-02
20 1.248000e-01
30 2.970000e-01
40 5.046000e-01
50 8.536000e-01
60 1.149400e+00
70 1.532200e+00
80 2.094000e+00
90 2.632800e+00
100 3.380600e+00
110 3.968600e+00
120 4.736200e+00
130 5.382800e+00
140 6.525400e+00
150 7.446000e+00
160 8.070800e+00
170 9.219000e+00
180 1.061820e+01
190 1.156700e+01
200 1.284980e+01
210 1.395660e+01
220 1.564840e+01
230 1.665520e+01
240 1.839800e+01
250 1.983240e+01
260 2.216760e+01
270 2.310100e+01
280 2.515860e+01
290 2.677460e+01
300 2.882470e+01
310 3.037440e+01
320 3.278840e+01
330 3.562660e+01
340 3.547320e+01
350 3.953000e+01
360 4.200880e+01
370 4.396920e+01
380 4.611380e+01
390 4.874420e+01
400 5.195240e+01
410 5.289440e+01
420 5.610640e+01
430 5.880680e+01
440 6.175140e+01
450 6.560020e+01
460 6.793520e+01
470 7.176640e+01
480 7.511200e+01
490 7.797500e+01
500 8.091480e+01
510 8.169340e+01
520 8.706240e+01
530 9.033220e+01
540 9.262940e+01
550 9.774780e+01
560 1.002742e+02
570 1.053222e+02
580 1.082066e+02
590 1.108936e+02
600 1.161519e+02
610 1.190260e+02
620 1.222994e+02
630 1.260810e+02
640 1.335250e+02
650 1.355298e+02
660 1.415346e+02
670 1.438454e+02
680 1.451630e+02
690 1.521466e+02
700 1.577134e+02
710 1.593436e+02
720 1.694174e+02
730 1.674282e+02
740 1.769494e+02
750 1.791430e+02
760 1.835476e+02
770 1.903336e+02
780 1.981758e+02
790 2.012856e+02
800 2.063582e+02
810 2.062568e+02
820 2.137140e+02
830 2.210340e+02
840 2.280720e+02
850 2.339670e+02
860 2.359526e+02
870 2.442770e+02
880 2.503274e+02
890 2.544014e+02
900 2.582338e+02
910 2.691680e+02
920 2.730714e+02
930 2.787062e+02
940 2.820000e+02
950 2.891752e+02
960 2.940338e+02
970 2.992946e+02
980 3.099374e+02
990 3.159864e+02
1000 3.199896e+02
