5 1.000100e-03
10 7.822000e-04
15 1.702100e-03
20 3.549200e-03
25 6.353000e-03
30 1.254550e-02
35 1.493670e-02
40 2.742940e-02
45 2.646040e-02
50 3.423300e-02
55 4.391040e-02
60 5.553370e-02
65 6.773610e-02
70 7.981680e-02
75 9.692010e-02
80 1.175041e-01
85 1.333730e-01
90 1.510880e-01
95 1.767906e-01
100 1.966243e-01
105 2.437581e-01
110 2.641580e-01
115 3.004132e-01
120 3.142929e-01
125 3.411673e-01
130 3.979070e-01
135 4.254573e-01
140 4.557081e-01
145 5.193483e-01
150 5.997456e-01
155 6.139493e-01
165 7.337269e-01
175 8.582857e-01
185 1.009766e+00
195 1.095359e+00
205 1.300268e+00
215 1.459610e+00
225 1.647187e+00
235 1.856122e+00
245 2.018341e+00
255 2.258753e+00
265 2.556508e+00
275 2.743151e+00
285 3.085227e+00
295 3.327425e+00
305 3.573236e+00
315 3.932604e+00
325 4.267334e+00
335 4.694498e+00
345 5.077772e+00
355 5.531228e+00
375 6.412218e+00
395 7.320728e+00
415 8.418062e+00
435 1.005429e+01
455 1.128845e+01
475 1.222985e+01
495 1.397307e+01
515 1.611789e+01
535 1.684813e+01
555 1.846998e+01
575 1.996477e+01
595 2.198970e+01
615 2.962061e+01
635 2.650313e+01
655 2.865230e+01
675 3.124878e+01
