5 3.387176e+00
10 3.655473e+00
15 3.578184e+00
20 3.596298e+00
25 3.539015e+00
30 3.545415e+00
35 3.586637e+00
40 3.555277e+00
45 3.534957e+00
50 3.533096e+00
55 3.610349e+00
60 3.517224e+00
65 3.534896e+00
70 3.582684e+00
75 3.482944e+00
80 3.514581e+00
85 3.468039e+00
90 3.493836e+00
95 3.479768e+00
100 3.466739e+00
105 3.448367e+00
110 3.480504e+00
115 3.461367e+00
120 3.424825e+00
125 3.515994e+00
130 3.464412e+00
135 3.533338e+00
140 3.640744e+00
145 3.614261e+00
150 3.615943e+00
155 3.603384e+00
160 3.787580e+00
165 3.600085e+00
170 3.461748e+00
175 3.798252e+00
180 3.532170e+00
185 3.459557e+00
190 3.431285e+00
195 3.437314e+00
200 3.485969e+00
205 3.610406e+00
210 4.154268e+00
215 3.545131e+00
220 3.440209e+00
225 3.488365e+00
230 3.493882e+00
235 3.646828e+00
240 3.609944e+00
245 3.735743e+00
250 3.554315e+00
255 3.544351e+00
260 3.946243e+00
265 3.600721e+00
270 3.521313e+00
275 3.582330e+00
280 3.497545e+00
285 3.465939e+00
290 3.518586e+00
295 3.571547e+00
300 3.602056e+00
