5 1.133132e+00
10 1.235735e+00
15 1.224774e+00
20 1.205308e+00
25 1.194685e+00
30 1.199991e+00
35 1.203242e+00
40 1.186427e+00
45 1.180939e+00
50 1.214353e+00
55 1.194143e+00
60 1.194295e+00
65 1.194238e+00
70 1.182553e+00
75 1.181662e+00
80 1.197834e+00
85 1.192179e+00
90 1.177876e+00
95 1.181051e+00
100 1.181837e+00
105 1.182804e+00
110 1.204166e+00
115 1.179285e+00
120 1.186268e+00
125 1.185273e+00
130 1.195020e+00
135 1.173238e+00
140 1.174984e+00
145 1.176890e+00
150 1.178683e+00
155 1.166435e+00
160 1.167936e+00
165 1.170252e+00
170 1.179322e+00
175 1.159737e+00
180 1.159631e+00
185 1.170098e+00
190 1.154009e+00
195 1.150800e+00
200 1.160847e+00
