5 7.214000e-04
10 9.342000e-04
15 3.653500e-03
20 9.775500e-03
25 2.472590e-02
30 4.827150e-02
35 9.730760e-02
40 1.848708e-01
45 2.581586e-01
50 3.628043e-01
55 5.535034e-01
60 7.305460e-01
65 1.025554e+00
70 1.412800e+00
75 1.796634e+00
80 2.305224e+00
85 2.858734e+00
90 3.694099e+00
95 4.480609e+00
100 5.574845e+00
105 7.059909e+00
110 8.692024e+00
115 9.993928e+00
120 1.171135e+01
125 1.412240e+01
130 1.592052e+01
135 1.791344e+01
140 2.113002e+01
145 2.466529e+01
150 2.839633e+01
155 3.224539e+01
