5 1.200600e-03
10 2.989000e-04
15 6.875000e-04
20 1.537300e-03
25 2.745300e-03
30 3.964100e-03
35 5.694600e-03
40 7.777700e-03
45 1.024660e-02
50 1.391690e-02
55 1.665840e-02
60 2.049770e-02
65 2.495750e-02
70 2.958910e-02
75 3.602580e-02
80 4.502180e-02
85 5.030570e-02
90 5.928210e-02
95 6.681500e-02
100 7.782150e-02
105 9.270790e-02
110 1.162891e-01
115 1.284631e-01
120 1.410506e-01
125 1.599934e-01
130 1.569144e-01
135 1.694037e-01
140 1.852298e-01
145 2.084694e-01
150 2.259739e-01
155 2.463839e-01
160 2.688896e-01
165 3.638785e-01
170 4.545959e-01
175 5.627012e-01
180 5.423265e-01
185 6.256010e-01
190 6.149933e-01
195 7.524919e-01
200 8.742122e-01
210 1.036353e+00
220 1.234603e+00
230 1.436051e+00
240 1.740350e+00
250 1.844199e+00
260 2.223493e+00
270 2.487301e+00
280 2.896496e+00
290 3.275013e+00
300 3.473506e+00
310 3.990446e+00
320 4.464769e+00
330 5.022474e+00
340 5.616263e+00
350 6.198121e+00
360 6.933483e+00
370 7.420812e+00
380 7.014615e+00
390 7.497306e+00
400 8.218747e+00
410 8.590447e+00
420 9.209915e+00
430 1.041744e+01
