5 1.560728e+01
10 1.240351e+01
15 9.684138e+00
20 8.435884e+00
25 8.003135e+00
30 8.385769e+00
35 7.694685e+00
40 7.552778e+00
45 7.203641e+00
50 6.966308e+00
55 6.648667e+00
60 6.172533e+00
65 6.081062e+00
70 5.743486e+00
75 5.487713e+00
80 5.097954e+00
85 4.593661e+00
90 4.407049e+00
95 4.252509e+00
100 4.073571e+00
105 4.038583e+00
110 3.808553e+00
115 3.652946e+00
120 3.560471e+00
125 3.499940e+00
130 3.301084e+00
135 3.270587e+00
140 3.399171e+00
145 3.369377e+00
150 3.132208e+00
155 2.964041e+00
160 3.075399e+00
165 2.706165e+00
170 2.676248e+00
175 2.910098e+00
180 2.646275e+00
185 2.562775e+00
190 2.436710e+00
195 2.394974e+00
200 2.306535e+00
205 2.288844e+00
210 2.884144e+00
215 2.262417e+00
220 2.211568e+00
225 2.154379e+00
230 2.089893e+00
235 2.270866e+00
240 2.108607e+00
245 2.100651e+00
250 2.043458e+00
255 2.041255e+00
260 2.269112e+00
265 2.021534e+00
270 1.906506e+00
275 1.896808e+00
280 1.842369e+00
285 1.812983e+00
290 1.834386e+00
295 1.832845e+00
300 1.833318e+00
