5 1.922154e-06
10 1.479500e-07
15 1.072458e-07
20 9.295625e-08
25 7.701132e-08
30 6.909444e-08
35 6.766676e-08
40 7.726484e-08
45 5.432470e-08
50 5.306040e-08
55 5.037080e-08
60 4.958704e-08
65 4.748765e-08
70 4.532303e-08
75 4.359251e-08
80 4.441592e-08
85 4.275329e-08
90 4.187579e-08
95 4.080984e-08
100 3.967180e-08
105 4.154791e-08
110 4.074035e-08
115 3.959603e-08
120 3.706531e-08
125 3.517346e-08
130 3.669647e-08
135 3.511232e-08
140 3.479519e-08
145 3.654064e-08
150 3.521944e-08
155 3.572348e-08
165 3.595313e-08
175 3.544179e-08
185 3.727854e-08
195 3.669828e-08
205 3.852701e-08
215 4.233403e-08
225 4.349105e-08
235 4.689312e-08
245 4.655197e-08
255 4.703082e-08
265 5.048217e-08
275 4.921526e-08
285 5.319754e-08
295 5.388496e-08
305 5.239224e-08
315 5.521547e-08
325 5.452776e-08
335 5.718625e-08
345 5.823914e-08
355 5.865909e-08
375 5.966517e-08
395 5.964036e-08
415 5.951079e-08
435 6.005101e-08
455 5.990340e-08
475 5.944881e-08
495 6.020604e-08
515 5.988096e-08
535 6.347905e-08
555 5.930400e-08
575 6.043512e-08
595 5.891792e-08
615 5.975352e-08
635 5.949066e-08
